adcs:
  mode: normal
  timeout: 10
  # Units in meters and degrees.
  koe:
    epch: 2458529.50
    sma: 6791113.16
    ecc: .0014246
    incl: 51.30431
    raan: 245.32261
    argp: 33.54134
    tran: 312.21070
    bstardrag: 2.4
  lla:
    epch: 2458529.50
    lat: 5.33574
    lon: -134.83867
    alt: 396856.27533
  sc:
    inertia: [0.0108, 0.0108, 0.0108]
  tledata:
    meananom: 0
    lastyear: 2019
    lastday: 40.35
    meanmot: 15.5
  wrldmagm: "WMM.COF"